5	3	3	9	1000	3	3	5	1	1	1	1	0	1	1	1	0	0	0	0	0	0	0	0	0	0	0	0	1	0	0	0	0	0	0	0	0	0	0	0	0	0	0	0	0	0	0	0	-1	-1	-1	-1	-1	-1	-1	-1	-5	-3	-3	-9	-1000	-3	-3	-5	0.8
5	3	3	9	1000	3	3	5	1	1	1	1	0	1	1	1	0	0	0	0	0	0	0	0	0	0	0	0	1	0	0	0	0	0	0	0	0	0	0	0	0	0	0	0	-1	0	0	0	-1	-1	-1	-1	0	-1	-1	-1	-5	-3	-3	-9	-1000	-3	-3	-5	0.35
5	3	3	9	1000	3	3	5	1	1	1	0	0	1	1	1	0	0	0	0	0	0	0	0	0	0	0	1	1	0	0	0	0	0	0	0	0	0	0	0	0	0	0	0	-1	0	0	0	-1	-1	-1	-1	0	-1	-1	-1	-5	-3	-3	-9	-1000	-3	-3	-5	0.38
5	3	3	9	1000	3	3	5	1	1	1	0	0	1	1	1	0	0	0	0	0	0	0	0	0	0	0	1	1	0	0	0	0	0	0	-1	0	0	0	0	0	0	0	0	-1	0	0	0	-1	-1	-1	0	0	-1	-1	-1	-5	-3	-3	-9	-1000	-3	-3	-5	0.41
5	0	3	9	1000	3	3	5	1	1	1	0	0	1	1	1	0	0	3	0	0	0	0	0	0	0	0	1	1	0	0	0	0	0	0	-1	0	0	0	0	0	0	0	0	-1	0	0	0	-1	-1	-1	0	0	-1	-1	-1	-5	-3	-3	-9	-1000	-3	-3	-5	0.36
5	0	3	9	1000	3	3	5	1	1	1	0	0	1	1	1	0	0	3	0	0	0	0	0	0	0	0	1	1	0	0	0	0	0	0	-1	0	0	0	0	0	0	-3	0	-1	0	0	0	-1	-1	-1	0	0	-1	-1	-1	-5	0	-3	-9	-1000	-3	-3	-5	0.51
5	0	3	9	1000	3	0	5	1	1	1	0	0	1	1	1	0	0	3	0	0	3	0	0	0	0	0	1	1	0	0	0	0	0	0	-1	0	0	0	0	0	0	-3	0	-1	0	0	0	-1	-1	-1	0	0	-1	-1	-1	-5	0	-3	-9	-1000	-3	-3	-5	0.57
5	0	3	9	1000	3	0	5	1	1	1	0	0	1	1	1	0	0	3	0	0	3	0	0	0	-3	0	1	1	0	0	0	0	0	0	-1	0	0	0	0	0	0	-3	0	-1	0	0	0	-1	-1	-1	0	0	-1	-1	-1	-5	0	-3	-9	-1000	0	-3	-5	0.58
5	0	3	9	1000	3	0	5	1	1	1	0	0	1	1	1	0	0	3	0	0	3	0	0	0	-3	0	1	0	0	0	0	0	0	0	-1	1	0	0	0	0	0	-3	0	-1	0	0	0	-1	-1	-1	0	0	-1	-1	-1	-5	0	-3	-9	-1000	0	-3	-5	0.61
5	0	3	9	1000	3	0	5	1	1	1	0	0	1	1	1	0	0	3	0	0	3	0	0	0	-3	0	1	0	0	0	0	0	0	0	-1	1	0	0	0	0	0	-3	0	-1	-1	0	0	-1	-1	-1	0	0	0	-1	-1	-5	0	-3	-9	-1000	0	-3	-5	0.83
5	0	3	9	1000	0	0	5	1	1	1	0	0	1	1	1	0	0	3	0	0	3	0	0	0	-3	0	1	0	0	0	0	0	3	0	-1	1	0	0	0	0	0	-3	0	-1	-1	0	0	-1	-1	-1	0	0	0	-1	-1	-5	0	-3	-9	-1000	0	-3	-5	0.8
5	0	3	9	1000	0	0	5	1	1	1	0	0	1	1	1	0	0	3	0	0	3	0	0	0	-3	0	1	0	0	0	0	0	3	0	-1	1	0	0	0	0	0	-3	0	-1	-1	0	0	-1	-1	-1	-3	0	0	-1	-1	-5	0	0	-9	-1000	0	-3	-5	0.85
5	0	3	9	1000	0	0	5	1	1	1	0	0	1	1	1	0	0	3	0	0	3	0	0	0	-3	0	1	0	0	0	0	0	0	0	-1	1	0	0	0	0	0	3	0	-1	-1	0	0	-1	-1	-1	-3	0	0	-1	-1	-5	0	0	-9	-1000	0	-3	-5	0.48
5	0	3	9	1000	0	0	5	1	1	1	0	0	1	1	1	0	0	3	0	0	3	0	0	0	-3	0	1	0	0	0	0	0	0	0	-1	1	0	0	0	0	0	-3	0	-1	-1	0	0	-1	-1	-1	0	0	0	-1	-1	-5	0	0	-9	-1000	0	-3	-5	0.58
5	0	3	9	0	5	1000	0	1	1	1	0	0	1	1	1	0	0	3	0	0	3	0	0	0	-3	0	1	0	0	0	0	0	0	0	-1	1	0	0	0	0	0	-3	0	-1	-1	0	0	-1	-1	-1	0	0	0	-1	-1	-5	0	0	-9	-1000	0	-3	-5	0.35
5	0	3	9	0	5	1000	0	1	1	1	0	0	1	1	1	0	0	3	0	0	3	0	0	0	-3	0	1	0	0	0	0	0	0	0	-1	1	0	0	0	0	0	-3	0	-1	-1	0	0	-1	-1	-1	-9	0	0	-1	-1	-5	0	0	0	-1000	0	-3	-5	0.65
5	0	3	9	0	5	1000	0	1	1	1	0	3	1	1	1	0	0	0	0	0	3	0	0	0	-3	0	1	0	0	0	0	0	0	0	-1	1	0	0	0	0	0	-3	0	-1	-1	0	0	-1	-1	-1	-9	0	0	-1	-1	-5	0	0	0	-1000	0	-3	-5	0.7
5	0	3	9	0	5	1000	0	1	1	1	0	3	1	1	1	0	0	0	0	0	3	0	0	0	-3	0	1	0	0	0	0	0	0	0	-1	1	0	0	0	0	0	-3	0	-1	-1	0	0	-1	-1	-1	-9	0	0	-1	-1	0	0	-1000	-5	0	0	-3	-5	0.62
5	0	3	9	0	5	1000	0	1	1	0	0	3	1	1	1	0	0	1	0	0	3	0	0	0	-3	0	1	0	0	0	0	0	0	0	-1	1	0	0	0	0	0	-3	0	-1	-1	0	0	-1	-1	-1	-9	0	0	-1	-1	0	0	-1000	-5	0	0	-3	-5	0.73
5	0	3	9	0	5	1000	0	1	1	0	0	3	1	1	1	0	0	1	0	0	3	0	0	0	0	0	1	0	0	0	0	0	0	0	-1	1	0	0	0	0	0	-3	0	-1	-1	0	0	-1	-1	-1	-9	-3	0	-1	-1	0	0	-1000	-5	0	0	-3	-5	0.9
5	0	3	9	0	5	1000	0	0	1	0	0	3	1	1	1	0	0	1	0	0	3	0	0	1	0	0	1	0	0	0	0	0	0	0	-1	1	0	0	0	0	0	-3	0	-1	-1	0	0	-1	-1	-1	-9	-3	0	-1	-1	0	0	-1000	-5	0	0	-3	-5	0.95
5	0	3	9	0	5	1000	0	0	1	0	0	3	1	1	1	0	0	1	0	0	3	0	0	1	0	0	1	0	0	0	0	0	0	0	-1	1	0	0	0	0	0	-3	0	-1	-1	0	0	-1	-1	-1	-9	-3	0	-1	-1	0	0	-1000	0	0	-5	-3	-5	1.1
5	0	3	9	0	5	1000	0	0	0	0	0	3	1	1	1	0	0	1	0	0	3	0	0	1	1	0	1	0	0	0	0	0	0	0	-1	1	0	0	0	0	0	-3	0	-1	-1	0	0	-1	-1	-1	-9	-3	0	-1	-1	0	0	-1000	0	0	-5	-3	-5	1.06
5	0	3	9	0	5	1000	0	0	0	0	0	3	1	1	1	0	0	1	0	0	3	0	0	1	1	0	1	0	0	0	0	0	0	0	-1	1	0	0	0	0	0	-3	0	-1	-1	0	0	-1	-1	-1	0	-3	0	-1	-1	0	0	-1000	-9	0	-5	-3	-5	1.39
5	0	3	9	0	5	1000	0	0	0	0	0	0	1	1	1	0	0	1	0	0	3	0	0	1	1	0	1	0	3	0	0	0	0	0	-1	1	0	0	0	0	0	-3	0	-1	-1	0	0	-1	-1	-1	0	-3	0	-1	-1	0	0	-1000	-9	0	-5	-3	-5	1.25
5	0	3	9	0	5	1000	0	0	0	0	0	0	1	1	1	0	0	1	0	0	3	0	0	1	1	0	1	0	3	0	0	0	0	0	-1	1	0	0	0	0	0	0	0	-1	-1	0	0	-1	-1	-1	-3	-3	0	-1	-1	0	0	-1000	-9	0	-5	-3	-5	1.27
5	0	3	0	0	5	1000	0	0	0	0	0	9	1	1	1	0	0	1	0	0	3	0	0	1	1	0	1	0	3	0	0	0	0	0	-1	1	0	0	0	0	0	0	0	-1	-1	0	0	-1	-1	-1	-3	-3	0	-1	-1	0	0	-1000	-9	0	-5	-3	-5	0.58
5	0	3	0	0	5	1000	0	0	0	0	0	9	1	1	1	0	0	1	0	0	3	0	0	1	1	0	1	0	3	0	0	0	0	0	-1	1	-1	0	0	0	0	0	0	-1	0	0	0	-1	-1	-1	-3	-3	0	-1	-1	0	0	-1000	-9	0	-5	-3	-5	0.88
5	0	3	0	0	5	1000	0	0	0	0	0	9	1	1	1	0	0	1	3	0	3	0	0	1	1	0	1	0	0	0	0	0	0	0	-1	1	-1	0	0	0	0	0	0	-1	0	0	0	-1	-1	-1	-3	-3	0	-1	-1	0	0	-1000	-9	0	-5	-3	-5	0.45
5	0	3	0	0	5	1000	0	0	0	0	0	9	1	1	1	0	0	1	3	0	3	0	0	1	1	0	1	0	0	0	0	0	0	0	-1	1	-1	-1	0	0	0	0	0	-1	0	0	0	-1	-1	-1	-3	-3	0	0	-1	0	0	-1000	-9	0	-5	-3	-5	0.5
5	0	3	0	0	5	1000	0	0	0	0	0	9	1	1	1	0	0	1	0	0	3	0	0	1	1	0	1	0	0	0	0	0	0	3	-1	1	-1	-1	0	0	0	0	0	-1	0	0	0	-1	-1	-1	-3	-3	0	0	-1	0	0	-1000	-9	0	-5	-3	-5	0.48
5	0	3	0	0	5	1000	0	0	0	0	0	9	1	1	1	0	0	1	0	0	3	0	0	1	1	0	1	0	0	-1	0	0	0	3	-1	1	-1	0	0	0	0	0	0	-1	0	0	0	-1	-1	-1	-3	-3	0	0	-1	0	0	-1000	-9	0	-5	-3	-5	0.74
5	0	3	0	0	5	1000	0	0	0	0	3	9	1	1	1	0	0	1	0	0	0	0	0	1	1	0	1	0	0	-1	0	0	0	3	-1	1	-1	0	0	0	0	0	0	-1	0	0	0	-1	-1	-1	-3	-3	0	0	-1	0	0	-1000	-9	0	-5	-3	-5	0.83
5	0	3	0	0	5	1000	0	0	0	0	3	9	1	1	1	0	0	1	0	0	0	0	0	1	1	0	1	0	0	-1	0	0	0	-3	-1	1	-1	0	0	0	0	0	0	-1	0	0	0	-1	-1	-1	-3	0	0	0	-1	0	0	-1000	-9	0	-5	-3	-5	0.79
5	0	3	0	0	5	1000	0	0	0	0	3	9	1	1	1	0	0	1	0	0	0	0	0	1	1	0	0	0	0	-1	0	0	0	1	-1	1	-1	0	0	0	0	0	0	-1	0	0	0	-1	-1	-1	-3	0	0	0	-1	0	0	-1000	-9	0	-5	-3	-5	0.88
5	0	3	0	0	5	1000	0	0	0	0	3	9	1	1	1	0	0	1	0	0	0	0	0	1	1	0	0	0	-1	-1	0	0	0	1	-1	1	0	0	0	0	0	0	0	-1	0	0	0	-1	-1	-1	-3	0	0	0	-1	0	0	-1000	-9	0	-5	-3	-5	0.85
5	0	3	0	0	5	1000	0	0	0	0	3	9	0	1	1	0	0	1	0	0	1	0	0	1	1	0	0	0	-1	-1	0	0	0	1	-1	1	0	0	0	0	0	0	0	-1	0	0	0	-1	-1	-1	-3	0	0	0	-1	0	0	-1000	-9	0	-5	-3	-5	-0.12
5	0	3	0	0	5	1000	0	0	0	0	3	9	0	1	1	0	0	1	0	0	1	0	0	1	1	0	0	0	-1	-1	0	0	0	1	-1	1	0	0	-1	0	0	0	0	-1	0	0	0	-1	-1	-1	-3	0	0	0	0	0	0	-1000	-9	0	-5	-3	-5	1.05
5	0	3	0	0	5	1000	0	0	0	0	0	9	0	1	1	0	3	1	0	0	1	0	0	1	1	0	0	0	-1	-1	0	0	0	1	-1	1	0	0	-1	0	0	0	0	-1	0	0	0	-1	-1	-1	-3	0	0	0	0	0	0	-1000	-9	0	-5	-3	-5	0.59
5	0	3	0	0	5	1000	0	0	0	0	0	9	0	1	1	0	3	1	0	0	1	-1	0	1	1	0	0	0	-1	0	0	0	0	1	-1	1	0	0	-1	0	0	0	0	-1	0	0	0	-1	-1	-1	-3	0	0	0	0	0	0	-1000	-9	0	-5	-3	-5	0.96
5	0	3	0	0	5	1000	0	0	0	0	0	9	0	1	0	0	3	1	0	0	1	-1	1	1	1	0	0	0	-1	0	0	0	0	1	-1	1	0	0	-1	0	0	0	0	-1	0	0	0	-1	-1	-1	-3	0	0	0	0	0	0	-1000	-9	0	-5	-3	-5	0.48
5	0	3	0	0	5	1000	0	0	0	0	0	9	0	1	0	0	3	1	0	0	1	-1	1	1	1	0	0	0	-1	0	0	0	0	1	-1	1	0	0	-1	0	0	0	0	-1	0	0	0	-1	-1	-1	-3	-3	0	0	0	0	0	-1000	-9	0	-5	0	-5	0.5
5	0	3	0	0	5	1000	0	0	0	0	0	9	0	1	0	0	3	1	0	0	1	-1	1	1	0	0	0	0	-1	0	0	0	1	1	-1	1	0	0	-1	0	0	0	0	-1	0	0	0	-1	-1	-1	-3	-3	0	0	0	0	0	-1000	-9	0	-5	0	-5	0.5
5	0	3	0	0	5	1000	0	0	0	0	0	9	0	1	0	0	3	1	0	0	1	-1	1	1	0	0	0	0	-1	0	0	0	1	1	-1	1	0	0	-1	0	0	-1	0	-1	0	0	0	-1	-1	0	-3	-3	0	0	0	0	0	-1000	-9	0	-5	0	-5	0.58
5	0	3	0	0	5	1000	0	0	0	0	0	9	0	1	0	0	0	1	0	0	1	-1	1	1	0	0	3	0	-1	0	0	0	1	1	-1	1	0	0	-1	0	0	-1	0	-1	0	0	0	-1	-1	0	-3	-3	0	0	0	0	0	-1000	-9	0	-5	0	-5	0.67
5	0	3	0	0	5	1000	0	0	0	0	0	9	0	1	0	0	0	1	0	0	1	-1	1	1	0	0	3	0	-1	0	0	0	1	1	-1	1	0	0	-1	0	0	-1	0	-1	0	0	0	-1	-1	-9	-3	-3	0	0	0	0	0	-1000	0	0	-5	0	-5	0.75
5	0	3	0	0	5	1000	0	0	0	0	0	9	0	1	0	0	0	1	0	0	1	-1	1	0	0	0	3	0	-1	0	0	1	1	1	-1	1	0	0	-1	0	0	-1	0	-1	0	0	0	-1	-1	-9	-3	-3	0	0	0	0	0	-1000	0	0	-5	0	-5	-0.05
5	0	3	0	0	5	1000	0	0	0	0	0	9	0	1	0	0	0	1	0	0	1	-1	1	0	0	0	3	0	-1	0	0	1	-1	1	-1	1	0	0	-1	0	0	0	0	-1	0	0	0	-1	-1	-9	-3	-3	0	0	0	0	0	-1000	0	0	-5	0	-5	-0.03
5	0	3	0	0	5	1000	0	0	0	0	0	9	0	1	0	0	0	1	0	0	1	-1	1	0	0	0	3	0	-1	0	0	0	-1	1	-1	1	0	0	-1	1	0	0	0	-1	0	0	0	-1	-1	-9	-3	-3	0	0	0	0	0	-1000	0	0	-5	0	-5	0.54
5	0	3	0	0	5	1000	0	0	0	0	0	9	0	1	0	0	0	1	0	0	1	-1	1	0	0	0	3	0	-1	0	0	0	-1	1	-1	1	0	0	-1	-1	0	0	0	-1	0	0	0	-1	0	-9	-3	-3	0	0	0	0	0	-1000	0	0	-5	0	-5	1.82
0	0	3	0	0	5	1000	0	0	0	0	0	9	0	1	0	0	0	1	0	0	1	-1	1	0	0	0	3	0	-1	0	0	0	-1	1	-1	1	0	0	-1	5	0	0	0	-1	0	0	0	-1	0	-9	-3	-3	0	0	0	0	0	-1000	0	0	-5	0	-5	1.93
0	0	3	0	0	5	1000	0	0	0	0	0	9	0	1	0	0	0	1	0	0	1	-1	1	0	0	0	3	0	-1	0	0	0	-1	1	-1	1	0	0	-1	5	0	0	0	-1	0	0	0	-1	-1000	-9	-3	-3	0	0	0	0	0	0	0	0	-5	0	-5	5.28
0	0	3	0	0	5	1000	0	0	0	0	0	9	0	1	0	0	0	1	0	0	1	-1	1	0	0	0	3	0	-1	0	0	0	-1	0	-1	1	0	0	-1	5	0	1	0	-1	0	0	0	-1	-1000	-9	-3	-3	0	0	0	0	0	0	0	0	-5	0	-5	5.44
0	0	3	0	0	5	1000	0	0	0	0	0	9	0	1	0	0	0	1	0	0	1	-1	1	0	0	0	3	0	-1	0	0	0	-1	0	-1	1	0	0	-1	5	0	-3	0	-1	0	0	0	-1	-1000	-9	0	-3	0	0	0	0	0	0	0	0	-5	0	-5	5.41
0	0	3	0	0	5	1000	0	9	0	0	0	0	0	1	0	0	0	1	0	0	1	-1	1	0	0	0	3	0	-1	0	0	0	-1	0	-1	1	0	0	-1	5	0	-3	0	-1	0	0	0	-1	-1000	-9	0	-3	0	0	0	0	0	0	0	0	-5	0	-5	5.63
0	0	3	0	0	5	1000	0	9	0	0	0	0	0	1	0	0	0	1	0	0	1	-1	1	0	0	0	3	0	-1	0	0	0	-1	0	-1	1	0	0	-1	5	0	-3	0	-1	0	0	0	-1	-1000	-9	0	-3	0	0	0	-5	0	0	0	0	0	0	-5	5.91
0	0	3	0	0	5	1000	0	9	0	0	0	0	0	1	0	0	0	1	0	0	1	-1	1	0	0	0	0	0	-1	0	0	0	-1	0	-1	1	0	0	-1	5	0	-3	0	3	0	0	0	-1	-1000	-9	0	-3	0	0	0	-5	0	0	0	0	0	0	-5	6.12
0	0	3	0	0	5	1000	0	9	0	0	0	0	0	1	0	0	0	1	0	0	1	-1	1	0	0	0	0	0	-1	0	0	0	-1	0	-1	-9	0	0	-1	5	0	-3	0	3	0	0	0	-1	-1000	0	0	-3	0	0	0	-5	0	0	0	0	0	0	-5	8.69
0	0	3	0	0	5	1000	0	9	0	0	0	0	0	1	0	0	0	1	0	0	1	-1	1	0	0	0	0	0	-1	0	0	0	-1	3	-1	-9	0	0	-1	5	0	-3	0	0	0	0	0	-1	-1000	0	0	-3	0	0	0	-5	0	0	0	0	0	0	-5	8.79
0	0	3	0	0	5	1000	0	9	0	0	0	0	0	1	0	0	0	1	0	0	1	-1	1	0	0	0	0	0	-1	0	0	0	-1	3	-1	-9	0	0	-1	5	0	-3	0	0	0	0	0	-1	0	0	0	-3	0	0	0	-5	-1000	0	0	0	0	0	-5	16.63
0	0	3	0	0	5	1000	0	9	0	0	0	0	0	1	0	0	0	1	0	0	1	-1	1	0	0	0	0	0	-1	0	0	0	-1	3	-1	-9	0	0	-1	0	0	5	0	0	0	0	0	-1	0	0	0	-3	0	0	0	-5	-1000	0	0	0	0	0	-5	16.79
0	0	3	0	0	5	1000	0	9	0	0	0	0	0	1	0	0	0	1	0	0	1	-1	1	0	0	0	0	0	-1	0	0	0	-1	3	-1	-9	0	0	-1	0	0	5	0	0	0	0	0	-1	0	0	0	-3	0	0	0	-5	-1000	0	-5	0	0	0	0	#4
0	0	3	0	0	5	1000	0	0	0	0	0	0	0	1	0	0	0	1	0	0	1	-1	1	0	0	0	0	0	-1	0	0	0	-1	3	-1	-9	0	0	-1	9	0	5	0	0	0	0	0	-1	0	0	0	-3	0	0	0	-5	-1000	0	-5	0	0	0	0	#3
5	3	3	9	1000	3	3	5	1	1	1	1	0	1	1	1	0	0	0	0	0	0	0	0	0	0	0	0	1	0	0	0	0	0	0	0	0	0	0	0	0	0	0	0	0	0	0	0	-1	-1	-1	-1	-1	-1	-1	-1	-5	-3	-3	-9	-1000	-3	-3	-5	0.07
5	3	3	9	1000	3	3	5	1	1	1	1	0	1	1	1	0	0	0	0	0	0	0	0	0	0	0	0	1	0	0	0	0	0	0	0	-1	0	0	0	0	0	0	0	0	0	0	0	-1	-1	-1	-1	0	-1	-1	-1	-5	-3	-3	-9	-1000	-3	-3	-5	0.18
5	0	3	9	1000	3	3	5	1	1	1	1	0	1	1	1	0	0	3	0	0	0	0	0	0	0	0	0	1	0	0	0	0	0	0	0	-1	0	0	0	0	0	0	0	0	0	0	0	-1	-1	-1	-1	0	-1	-1	-1	-5	-3	-3	-9	-1000	-3	-3	-5	0.16
5	0	3	9	1000	3	3	5	1	1	1	1	0	1	1	1	0	0	3	0	0	0	0	0	0	0	0	0	1	0	0	0	0	0	0	0	-1	0	0	0	0	0	0	0	0	-3	0	0	-1	-1	-1	-1	0	-1	-1	-1	-5	-3	-3	-9	-1000	-3	0	-5	0.11
5	0	3	9	1000	0	3	5	1	1	1	1	0	1	1	1	0	0	3	0	0	0	0	0	0	0	3	0	1	0	0	0	0	0	0	0	-1	0	0	0	0	0	0	0	0	-3	0	0	-1	-1	-1	-1	0	-1	-1	-1	-5	-3	-3	-9	-1000	-3	0	-5	0.13
5	0	3	9	1000	0	3	5	1	1	1	1	0	1	1	1	0	0	3	0	0	0	0	0	0	-3	3	0	1	0	0	0	0	0	0	0	-1	0	0	0	0	0	0	0	0	-3	0	0	-1	-1	-1	-1	0	-1	-1	-1	-5	-3	-3	-9	-1000	0	0	-5	0.2
5	0	3	9	1000	0	3	5	1	1	1	0	0	1	1	1	0	0	3	1	0	0	0	0	0	-3	3	0	1	0	0	0	0	0	0	0	-1	0	0	0	0	0	0	0	0	-3	0	0	-1	-1	-1	-1	0	-1	-1	-1	-5	-3	-3	-9	-1000	0	0	-5	-0.06
5	0	3	9	1000	0	3	5	1	1	1	0	0	1	1	1	0	0	3	1	0	0	0	0	0	-3	3	0	1	0	0	0	0	0	0	0	-1	0	0	0	0	0	-3	0	0	-3	0	0	-1	-1	-1	-1	0	-1	-1	-1	-5	0	-3	-9	-1000	0	0	-5	0.15
5	0	3	9	1000	0	0	5	1	1	1	0	3	1	1	1	0	0	3	1	0	0	0	0	0	-3	3	0	1	0	0	0	0	0	0	0	-1	0	0	0	0	0	-3	0	0	-3	0	0	-1	-1	-1	-1	0	-1	-1	-1	-5	0	-3	-9	-1000	0	0	-5	0.13
5	0	3	9	1000	0	0	5	1	1	1	0	3	1	1	1	0	0	3	1	0	0	0	0	0	-3	3	0	1	0	0	0	0	0	0	-1	-1	0	0	0	0	0	-3	0	0	-3	0	0	-1	-1	-1	0	0	-1	-1	-1	-5	0	-3	-9	-1000	0	0	-5	0.04
5	0	3	9	1000	0	0	5	1	1	1	0	3	1	1	1	0	0	3	1	0	0	0	0	0	-3	3	0	0	0	0	0	0	0	0	1	-1	0	0	0	0	0	-3	0	0	-3	0	0	-1	-1	-1	0	0	-1	-1	-1	-5	0	-3	-9	-1000	0	0	-5	0.1
5	0	3	9	1000	0	0	5	1	1	1	0	3	1	1	1	0	0	3	1	0	0	0	0	0	-3	3	0	0	0	0	0	0	0	0	-3	-1	0	0	0	0	0	-3	0	0	0	0	0	-1	-1	-1	0	0	-1	-1	-1	-5	0	-3	-9	-1000	0	0	-5	0.17
5	0	3	9	1000	0	0	5	1	1	1	0	3	1	1	1	0	0	3	1	0	0	0	0	0	-3	0	0	0	0	0	0	0	0	0	3	-1	0	0	0	0	0	-3	0	0	0	0	0	-1	-1	-1	0	0	-1	-1	-1	-5	0	-3	-9	-1000	0	0	-5	-0.24
5	0	3	9	1000	0	0	5	1	1	1	0	3	1	1	1	0	0	3	1	0	0	0	0	0	-3	0	0	0	0	0	0	0	0	0	-9	-1	0	0	0	0	0	-3	0	0	0	0	0	-1	-1	-1	0	0	-1	-1	-1	-5	0	-3	0	-1000	0	0	-5	-0.29
5	0	3	9	0	5	1000	0	1	1	1	0	3	1	1	1	0	0	3	1	0	0	0	0	0	-3	0	0	0	0	0	0	0	0	0	-9	-1	0	0	0	0	0	-3	0	0	0	0	0	-1	-1	-1	0	0	-1	-1	-1	-5	0	-3	0	-1000	0	0	-5	-0.31
5	0	3	9	0	5	1000	0	1	1	1	0	3	1	1	1	0	0	3	1	0	0	0	0	0	-3	0	0	0	0	0	0	0	0	0	0	-1	0	0	0	0	0	-3	0	0	0	0	0	-1	-1	-1	0	0	-1	-1	-1	-5	0	-3	-9	-1000	0	0	-5	-0.25
5	0	3	9	0	5	1000	0	1	1	1	0	0	1	1	1	0	0	3	1	0	0	3	0	0	-3	0	0	0	0	0	0	0	0	0	0	-1	0	0	0	0	0	-3	0	0	0	0	0	-1	-1	-1	0	0	-1	-1	-1	-5	0	-3	-9	-1000	0	0	-5	-0.79
5	0	3	9	0	5	1000	0	1	1	1	0	0	1	1	1	0	0	3	1	0	0	3	0	0	-3	0	0	0	0	0	0	0	0	0	0	-1	0	0	0	0	0	-3	0	0	0	0	0	-1	-1	-1	0	0	-1	-1	-1	-5	0	-3	-9	0	-5	-1000	0	-0.71
5	0	3	9	0	5	1000	0	1	1	1	0	0	0	1	1	0	0	3	1	0	0	3	0	0	-3	0	0	0	1	0	0	0	0	0	0	-1	0	0	0	0	0	-3	0	0	0	0	0	-1	-1	-1	0	0	-1	-1	-1	-5	0	-3	-9	0	-5	-1000	0	-0.82
5	0	3	9	0	5	1000	0	1	1	1	0	0	0	1	1	0	0	3	1	0	0	3	0	0	-3	0	0	0	1	0	0	0	0	0	0	-1	-1	0	0	0	0	-3	0	0	0	0	0	-1	-1	-1	0	0	0	-1	-1	-5	0	-3	-9	0	-5	-1000	0	-0.61
5	0	3	9	0	5	1000	0	1	1	1	0	3	0	1	1	0	0	0	1	0	0	3	0	0	-3	0	0	0	1	0	0	0	0	0	0	-1	-1	0	0	0	0	-3	0	0	0	0	0	-1	-1	-1	0	0	0	-1	-1	-5	0	-3	-9	0	-5	-1000	0	-0.95
5	0	3	9	0	5	1000	0	1	1	1	0	3	0	1	1	0	0	0	1	0	0	3	0	0	-3	0	0	0	1	0	-9	0	0	0	0	-1	-1	0	0	0	0	-3	0	0	0	0	0	-1	-1	-1	0	0	0	-1	-1	-5	0	-3	0	0	-5	-1000	0	-0.43
5	0	3	9	0	5	0	1000	1	1	1	0	3	0	1	1	0	0	0	1	0	0	3	0	0	-3	0	0	0	1	0	-9	0	0	0	0	-1	-1	0	0	0	0	-3	0	0	0	0	0	-1	-1	-1	0	0	0	-1	-1	-5	0	-3	0	0	-5	-1000	0	-1.43
5	0	3	9	0	5	0	1000	1	1	1	0	3	0	1	1	0	0	0	1	0	0	3	0	0	0	0	0	0	1	0	-9	0	0	0	0	-1	-1	0	0	0	0	-3	-3	0	0	0	0	-1	-1	-1	0	0	0	-1	-1	-5	0	-3	0	0	-5	-1000	0	-1.14
5	0	3	9	0	5	0	1000	1	1	1	0	3	0	1	1	0	0	0	0	0	0	3	0	0	0	0	1	0	1	0	-9	0	0	0	0	-1	-1	0	0	0	0	-3	-3	0	0	0	0	-1	-1	-1	0	0	0	-1	-1	-5	0	-3	0	0	-5	-1000	0	-1.11
5	0	3	9	0	5	0	1000	1	1	1	0	3	0	1	1	0	0	0	0	0	0	3	0	0	0	0	1	-1	1	0	-9	0	0	0	0	0	-1	0	0	0	0	-3	-3	0	0	0	0	-1	-1	-1	0	0	0	-1	-1	-5	0	-3	0	0	-5	-1000	0	-0.88
5	0	3	9	0	5	0	1000	1	1	0	0	3	0	1	1	0	0	0	0	0	0	3	0	0	0	1	1	-1	1	0	-9	0	0	0	0	0	-1	0	0	0	0	-3	-3	0	0	0	0	-1	-1	-1	0	0	0	-1	-1	-5	0	-3	0	0	-5	-1000	0	-0.92
5	0	3	9	0	5	0	1000	1	1	0	0	3	0	1	1	0	0	0	0	0	0	3	0	0	0	1	1	-1	1	0	-9	0	0	0	0	0	-1	0	0	0	-5	-3	-3	0	-5	0	0	-1	-1	-1	0	0	0	-1	-1	-5	0	-3	0	0	0	-1000	0	-0.21
5	0	3	9	0	5	0	1000	1	1	0	0	3	0	1	1	0	0	0	0	0	0	3	0	0	0	0	1	-1	1	0	-9	0	0	1	0	0	-1	0	0	0	-5	-3	-3	0	-5	0	0	-1	-1	-1	0	0	0	-1	-1	-5	0	-3	0	0	0	-1000	0	-0.22
5	0	3	9	0	5	0	1000	1	1	0	0	3	0	1	1	0	0	0	0	0	0	3	0	0	0	0	1	-1	1	0	-9	0	0	1	0	0	-1	0	0	0	-5	-3	-3	0	0	0	-5	-1	-1	-1	0	0	0	-1	-1	-5	0	-3	0	0	0	-1000	0	0.13
5	0	3	9	0	5	0	1000	1	1	0	0	3	0	1	0	0	0	0	0	0	0	3	1	0	0	0	1	-1	1	0	-9	0	0	1	0	0	-1	0	0	0	-5	-3	-3	0	0	0	-5	-1	-1	-1	0	0	0	-1	-1	-5	0	-3	0	0	0	-1000	0	0.08
5	0	3	9	0	5	0	1000	1	1	0	0	3	0	1	0	0	0	0	0	0	0	3	1	0	0	0	1	-1	1	0	-9	0	0	1	0	0	-1	0	0	0	-5	-3	0	0	0	0	-5	-1	-1	-1	0	0	0	-1	-1	-5	0	-3	0	0	-3	-1000	0	0.15
5	0	3	0	0	5	0	1000	1	1	0	0	3	0	1	0	0	9	0	0	0	0	3	1	0	0	0	1	-1	1	0	-9	0	0	1	0	0	-1	0	0	0	-5	-3	0	0	0	0	-5	-1	-1	-1	0	0	0	-1	-1	-5	0	-3	0	0	-3	-1000	0	0.17
5	0	3	0	0	5	0	1000	1	1	0	0	3	0	1	0	0	9	0	0	0	0	3	1	0	0	0	1	-1	1	0	-9	0	0	1	0	0	-1	0	0	0	-5	-3	0	0	0	0	-5	-1	-1	-1	0	0	0	-1	-1	-5	0	-3	0	0	-3	0	-1000	0
5	0	3	0	0	5	0	1000	1	1	0	0	3	0	1	0	0	0	9	0	0	0	3	1	0	0	0	1	-1	1	0	-9	0	0	1	0	0	-1	0	0	0	-5	-3	0	0	0	0	-5	-1	-1	-1	0	0	0	-1	-1	-5	0	-3	0	0	-3	0	-1000	-1.23
5	0	3	0	0	5	0	1000	1	1	0	0	3	0	1	0	0	0	9	0	0	0	3	1	0	0	0	1	-1	1	0	-9	0	0	1	0	0	-1	0	0	0	-5	0	0	0	0	0	-5	-1	-1	-1	0	-3	0	-1	-1	-5	0	-3	0	0	-3	0	-1000	-1.43
5	0	0	0	0	5	0	1000	1	1	0	0	3	0	1	0	0	0	9	0	3	0	3	1	0	0	0	1	-1	1	0	-9	0	0	1	0	0	-1	0	0	0	-5	0	0	0	0	0	-5	-1	-1	-1	0	-3	0	-1	-1	-5	0	-3	0	0	-3	0	-1000	-1.78
5	0	0	0	0	5	0	1000	1	1	0	0	3	0	1	0	0	0	9	0	3	0	3	1	0	0	0	1	-1	1	0	-9	0	0	1	0	0	-1	0	0	0	-5	0	0	-3	0	0	-5	-1	-1	-1	0	-3	0	-1	-1	-5	0	0	0	0	-3	0	-1000	-1.74
5	0	0	0	0	5	0	1000	1	1	0	0	3	3	1	0	0	0	9	0	0	0	3	1	0	0	0	1	-1	1	0	-9	0	0	1	0	0	-1	0	0	0	-5	0	0	-3	0	0	-5	-1	-1	-1	0	-3	0	-1	-1	-5	0	0	0	0	-3	0	-1000	-1.77
5	0	0	0	0	5	0	1000	1	1	0	0	3	3	1	0	0	0	9	0	0	0	3	1	0	0	0	1	-1	1	0	0	0	0	1	0	0	-1	0	0	0	-5	0	0	-3	-9	0	-5	-1	-1	-1	0	-3	0	-1	-1	-5	0	0	0	0	-3	0	-1000	-1.79
5	0	0	0	0	5	0	1000	0	1	0	0	3	3	1	0	1	0	9	0	0	0	3	1	0	0	0	1	-1	1	0	0	0	0	1	0	0	-1	0	0	0	-5	0	0	-3	-9	0	-5	-1	-1	-1	0	-3	0	-1	-1	-5	0	0	0	0	-3	0	-1000	-1.92
5	0	0	0	0	5	0	1000	0	1	0	0	3	3	1	0	1	0	9	0	0	0	3	1	0	0	0	1	-1	1	0	0	0	0	1	-3	0	-1	0	0	0	-5	0	0	0	-9	0	-5	-1	-1	-1	0	-3	0	-1	-1	-5	0	0	0	0	-3	0	-1000	-1.53
5	0	0	0	0	5	0	1000	0	1	0	0	3	0	1	0	1	0	9	0	3	0	3	1	0	0	0	1	-1	1	0	0	0	0	1	-3	0	-1	0	0	0	-5	0	0	0	-9	0	-5	-1	-1	-1	0	-3	0	-1	-1	-5	0	0	0	0	-3	0	-1000	-1.8
5	0	0	0	0	5	0	1000	0	1	0	0	3	0	1	0	1	0	9	0	3	0	3	1	0	0	0	1	-1	1	0	0	0	0	1	-3	0	-1	0	0	0	-5	0	0	0	-9	-3	-5	-1	-1	-1	0	0	0	-1	-1	-5	0	0	0	0	-3	0	-1000	-1.33
5	0	0	0	0	5	0	1000	0	0	0	0	3	0	1	0	1	0	9	0	3	0	3	1	0	1	0	1	-1	1	0	0	0	0	1	-3	0	-1	0	0	0	-5	0	0	0	-9	-3	-5	-1	-1	-1	0	0	0	-1	-1	-5	0	0	0	0	-3	0	-1000	-1.97
5	0	0	0	0	5	0	1000	0	0	0	0	3	0	1	0	1	0	9	0	3	0	3	1	0	1	0	1	-1	1	0	-3	0	0	1	-3	0	-1	0	0	0	-5	0	0	0	-9	0	-5	-1	-1	-1	0	0	0	-1	-1	-5	0	0	0	0	-3	0	-1000	-1.98
5	0	0	0	0	5	1000	0	0	0	0	0	3	0	1	0	1	0	9	0	3	0	3	1	0	1	0	1	-1	1	0	-3	0	0	1	-3	0	-1	0	0	0	-5	0	0	0	-9	0	-5	-1	-1	-1	0	0	0	-1	-1	-5	0	0	0	0	-3	0	-1000	-2.12
5	0	0	0	0	5	1000	0	0	0	0	0	3	0	1	0	1	0	9	0	3	-3	3	1	0	1	0	1	-1	1	0	0	0	0	1	-3	0	-1	0	0	0	-5	0	0	0	-9	0	-5	-1	-1	-1	0	0	0	-1	-1	-5	0	0	0	0	-3	0	-1000	-3.07
5	0	0	0	0	5	0	0	0	0	0	0	3	1000	1	0	1	0	9	0	3	-3	3	1	0	1	0	1	-1	1	0	0	0	0	1	-3	0	-1	0	0	0	-5	0	0	0	-9	0	-5	-1	-1	-1	0	0	0	-1	-1	-5	0	0	0	0	-3	0	-1000	-2.85
5	0	0	0	0	5	0	0	0	0	0	0	3	1000	1	0	1	0	9	0	3	-3	3	1	0	1	0	1	-1	1	0	-9	0	0	1	-3	0	-1	0	0	0	-5	0	0	0	0	0	-5	-1	-1	-1	0	0	0	-1	-1	-5	0	0	0	0	-3	0	-1000	-2.93
5	0	0	0	0	5	0	0	0	0	0	0	3	1000	1	0	1	0	9	0	3	-3	3	1	0	0	0	1	-1	1	0	-9	0	1	1	-3	0	-1	0	0	0	-5	0	0	0	0	0	-5	-1	-1	-1	0	0	0	-1	-1	-5	0	0	0	0	-3	0	-1000	-4.07
5	0	0	0	0	5	0	0	0	0	0	0	3	1000	1	0	1	0	9	0	3	-3	3	1	0	0	0	1	-1	1	0	-9	0	1	1	-3	0	-1	0	0	0	-5	0	0	0	0	-5	0	-1	-1	-1	0	0	0	-1	-1	-5	0	0	0	0	-3	0	-1000	-4.02
5	0	5	0	0	0	0	0	0	0	0	0	3	1000	1	0	1	0	9	0	3	-3	3	1	0	0	0	1	-1	1	0	-9	0	1	1	-3	0	-1	0	0	0	-5	0	0	0	0	-5	0	-1	-1	-1	0	0	0	-1	-1	-5	0	0	0	0	-3	0	-1000	-4.79
5	0	5	0	0	0	0	0	0	0	0	0	3	1000	1	0	1	0	9	0	3	-3	3	1	0	0	0	1	-1	1	0	-9	0	1	1	-3	0	-1	0	0	0	-5	0	0	0	0	-5	0	-1	-1	-1	0	-3	0	-1	-1	-5	0	0	0	0	0	0	-1000	-4.97
5	0	5	0	0	1000	0	0	0	0	0	0	3	0	1	0	1	0	9	0	3	-3	3	1	0	0	0	1	-1	1	0	-9	0	1	1	-3	0	-1	0	0	0	-5	0	0	0	0	-5	0	-1	-1	-1	0	-3	0	-1	-1	-5	0	0	0	0	0	0	-1000	-5.83
5	0	5	0	0	1000	0	0	0	0	0	0	3	0	1	0	1	0	9	0	3	-3	-5	1	0	0	0	1	-1	1	0	-9	0	1	1	-3	0	-1	0	0	0	-5	0	0	0	0	0	0	-1	-1	-1	0	-3	0	-1	-1	-5	0	0	0	0	0	0	-1000	-5.64
5	0	5	0	0	1000	0	0	0	0	0	0	0	0	1	0	1	0	9	0	3	-3	3	1	0	0	0	1	-1	1	0	-9	0	1	1	-3	0	-1	0	0	0	-5	0	0	0	0	0	0	-1	-1	-1	0	-3	0	-1	-1	-5	0	0	0	0	0	0	-1000	-5.73
5	0	5	0	0	1000	0	0	0	0	0	0	0	0	1	0	1	0	9	0	3	-3	-9	1	0	0	0	1	-1	1	0	0	0	1	1	-3	0	-1	0	0	0	-5	0	0	0	0	0	0	-1	-1	-1	0	-3	0	-1	-1	-5	0	0	0	0	0	0	-1000	-5.84
5	0	5	0	0	1000	0	0	0	0	0	0	0	3	1	0	1	0	9	0	0	-3	-9	1	0	0	0	1	-1	1	0	0	0	1	1	-3	0	-1	0	0	0	-5	0	0	0	0	0	0	-1	-1	-1	0	-3	0	-1	-1	-5	0	0	0	0	0	0	-1000	-9.24
5	0	5	0	0	1000	0	0	0	0	0	0	0	3	1	-9	1	0	9	0	0	-3	0	1	0	0	0	1	-1	1	0	0	0	1	1	-3	0	-1	0	0	0	-5	0	0	0	0	0	0	-1	-1	-1	0	-3	0	-1	-1	-5	0	0	0	0	0	0	-1000	-9.78
5	0	5	0	0	1000	0	0	0	0	0	0	0	3	0	-9	1	0	9	0	0	1	0	1	0	0	0	1	-1	1	0	0	0	1	1	-3	0	-1	0	0	0	-5	0	0	0	0	0	0	-1	-1	-1	0	-3	0	-1	-1	-5	0	0	0	0	0	0	-1000	-17.27
5	0	5	0	0	1000	0	0	0	0	0	0	0	3	0	-9	1	0	9	0	0	-1	0	1	0	0	0	1	0	1	0	0	0	1	1	-3	0	-1	0	0	0	-5	0	0	0	0	0	0	-1	-1	-1	0	-3	0	-1	-1	-5	0	0	0	0	0	0	-1000	-17.2
5	0	0	0	0	1000	0	0	0	0	5	0	0	3	0	-9	1	0	9	0	0	-1	0	1	0	0	0	1	0	1	0	0	0	1	1	-3	0	-1	0	0	0	-5	0	0	0	0	0	0	-1	-1	-1	0	-3	0	-1	-1	-5	0	0	0	0	0	0	-1000	-17.74
5	0	0	0	0	1000	0	0	0	0	5	0	0	3	0	-9	1	0	9	0	0	-1	0	1	0	0	0	1	0	1	0	0	0	1	1	-3	0	-1	0	0	0	-5	0	0	0	0	0	0	-1	-1	-1	0	-3	0	-1	-1	0	0	0	0	-5	0	0	-1000	-18.33
5	0	0	0	0	1000	0	0	0	0	5	0	0	0	0	-9	1	0	9	0	3	-1	0	1	0	0	0	1	0	1	0	0	0	1	1	-3	0	-1	0	0	0	-5	0	0	0	0	0	0	-1	-1	-1	0	-3	0	-1	-1	0	0	0	0	-5	0	0	-1000	#5
5	0	0	0	0	1000	0	-9	0	0	5	0	0	0	0	0	1	0	9	0	3	-1	0	1	0	0	0	1	0	1	0	0	0	1	1	-3	0	-1	0	0	0	-5	0	0	0	0	0	0	-1	-1	-1	0	-3	0	-1	-1	0	0	0	0	-5	0	0	-1000	#4
5	0	0	0	0	1000	3	-9	0	0	5	0	0	0	0	0	1	0	9	0	0	-1	0	1	0	0	0	1	0	1	0	0	0	1	1	-3	0	-1	0	0	0	-5	0	0	0	0	0	0	-1	-1	-1	0	-3	0	-1	-1	0	0	0	0	-5	0	0	-1000	#4
5	0	0	0	0	1000	3	-9	0	0	5	0	0	0	0	0	1	0	9	0	0	-1	0	1	0	0	0	1	0	1	0	-3	0	1	1	-3	0	-1	0	0	0	-5	0	0	0	0	0	0	-1	-1	-1	0	0	0	-1	-1	0	0	0	0	-5	0	0	-1000	#3
5	0	0	0	0	1000	3	-9	0	0	0	0	0	0	0	5	1	0	9	0	0	-1	0	1	0	0	0	1	0	1	0	-3	0	1	1	-3	0	-1	0	0	0	-5	0	0	0	0	0	0	-1	-1	-1	0	0	0	-1	-1	0	0	0	0	-5	0	0	-1000	#2
5	0	0	0	0	1000	3	0	0	0	0	0	0	0	-9	5	1	0	9	0	0	-1	0	1	0	0	0	1	0	1	0	-3	0	1	1	-3	0	-1	0	0	0	-5	0	0	0	0	0	0	-1	-1	-1	0	0	0	-1	-1	0	0	0	0	-5	0	0	-1000	#1
5	0	0	0	0	1000	3	0	0	0	0	0	0	0	5	0	1	0	9	0	0	-1	0	1	0	0	0	1	0	1	0	-3	0	1	1	-3	0	-1	0	0	0	-5	0	0	0	0	0	0	-1	-1	-1	0	0	0	-1	-1	0	0	0	0	-5	0	0	-1000	#1
5	0	0	0	0	1000	3	0	0	0	0	0	0	0	-1	0	1	0	9	0	0	0	0	1	0	0	0	1	0	1	0	-3	0	1	1	-3	0	-1	0	0	0	-5	0	0	0	0	0	0	-1	-1	-1	0	0	0	-1	-1	0	0	0	0	-5	0	0	-1000	#1
5	3	3	9	1000	3	3	5	1	1	1	1	0	1	1	1	0	0	0	0	0	0	0	0	0	0	0	0	1	0	0	0	0	0	0	0	0	0	0	0	0	0	0	0	0	0	0	0	-1	-1	-1	-1	-1	-1	-1	-1	-5	-3	-3	-9	-1000	-3	-3	-5	0.01
5	3	3	9	1000	3	3	5	1	1	1	1	0	1	1	1	0	0	0	0	0	0	0	0	0	0	0	0	1	0	0	0	0	0	0	0	-1	0	0	0	0	0	0	0	0	0	0	0	-1	-1	-1	-1	0	-1	-1	-1	-5	-3	-3	-9	-1000	-3	-3	-5	0.19
5	3	3	9	1000	3	0	5	1	1	1	1	0	1	1	1	0	0	0	0	0	3	0	0	0	0	0	0	1	0	0	0	0	0	0	0	-1	0	0	0	0	0	0	0	0	0	0	0	-1	-1	-1	-1	0	-1	-1	-1	-5	-3	-3	-9	-1000	-3	-3	-5	0.16
5	3	3	9	1000	3	0	5	1	1	1	1	0	1	1	1	0	0	0	0	0	3	0	0	0	0	0	0	1	0	0	0	0	0	0	0	-1	0	0	0	0	0	-3	0	0	0	0	0	-1	-1	-1	-1	0	-1	-1	-1	-5	0	-3	-9	-1000	-3	-3	-5	0.17
5	3	3	9	1000	0	0	5	1	1	1	1	0	1	1	1	0	0	0	0	0	3	0	0	0	0	0	0	1	0	0	0	0	3	0	0	-1	0	0	0	0	0	-3	0	0	0	0	0	-1	-1	-1	-1	0	-1	-1	-1	-5	0	-3	-9	-1000	-3	-3	-5	0.19
5	3	3	9	1000	0	0	5	1	1	1	1	0	1	1	1	0	0	0	0	0	3	0	0	0	0	0	0	1	0	0	0	0	3	0	0	-1	0	0	0	-1	0	-3	0	0	0	0	0	0	-1	-1	-1	0	-1	-1	-1	-5	0	-3	-9	-1000	-3	-3	-5	0.68
5	3	3	9	1000	0	0	5	1	1	1	1	0	1	1	1	0	0	0	0	0	3	0	0	0	0	0	0	1	0	0	0	0	0	0	0	-1	0	0	0	-1	0	3	0	0	0	0	0	0	-1	-1	-1	0	-1	-1	-1	-5	0	-3	-9	-1000	-3	-3	-5	0.63
5	3	3	9	1000	0	0	5	1	1	1	1	0	1	1	1	0	0	0	0	0	3	0	0	0	0	0	0	1	0	0	0	0	0	0	0	-1	0	0	0	-1	0	-1	0	0	0	0	0	0	-1	-1	0	0	-1	-1	-1	-5	0	-3	-9	-1000	-3	-3	-5	0.59
5	3	3	9	1000	0	0	5	1	1	1	0	0	1	1	1	0	0	0	1	0	3	0	0	0	0	0	0	1	0	0	0	0	0	0	0	-1	0	0	0	-1	0	-1	0	0	0	0	0	0	-1	-1	0	0	-1	-1	-1	-5	0	-3	-9	-1000	-3	-3	-5	0.22
5	3	3	9	1000	0	0	5	1	1	1	0	0	1	1	1	0	0	0	1	0	3	0	0	0	0	0	0	1	0	0	0	0	0	0	0	-1	0	0	0	-1	0	-1	-9	0	0	0	0	0	-1	-1	0	0	-1	-1	-1	-5	0	-3	0	-1000	-3	-3	-5	0.56
5	3	0	9	1000	0	0	5	1	1	1	0	0	1	1	1	0	0	0	1	3	3	0	0	0	0	0	0	1	0	0	0	0	0	0	0	-1	0	0	0	-1	0	-1	-9	0	0	0	0	0	-1	-1	0	0	-1	-1	-1	-5	0	-3	0	-1000	-3	-3	-5	0.25
5	3	0	9	1000	0	0	5	1	1	1	0	0	1	1	1	0	0	0	1	3	3	0	0	0	0	0	0	1	0	0	0	0	0	-1	0	-1	0	0	0	-1	0	0	-9	0	0	0	0	0	-1	-1	0	0	-1	-1	-1	-5	0	-3	0	-1000	-3	-3	-5	0.5
5	0	0	9	1000	0	0	5	1	1	1	0	0	1	1	1	3	0	0	1	3	3	0	0	0	0	0	0	1	0	0	0	0	0	-1	0	-1	0	0	0	-1	0	0	-9	0	0	0	0	0	-1	-1	0	0	-1	-1	-1	-5	0	-3	0	-1000	-3	-3	-5	0.21
5	0	0	9	1000	0	0	5	1	1	1	0	0	1	1	1	3	0	0	1	3	3	0	0	0	0	0	0	1	0	0	0	0	0	-1	0	-1	0	0	0	-1	0	0	-9	-3	0	0	0	0	-1	-1	0	0	-1	-1	-1	-5	0	0	0	-1000	-3	-3	-5	0.26
5	0	0	9	0	5	1000	0	1	1	1	0	0	1	1	1	3	0	0	1	3	3	0	0	0	0	0	0	1	0	0	0	0	0	-1	0	-1	0	0	0	-1	0	0	-9	-3	0	0	0	0	-1	-1	0	0	-1	-1	-1	-5	0	0	0	-1000	-3	-3	-5	0.18
5	0	0	9	0	5	1000	0	1	1	1	0	0	1	1	1	3	0	0	1	3	3	0	0	0	0	0	0	1	0	0	0	0	0	-1	0	-1	0	0	0	-1	0	0	-9	-3	0	0	0	0	-1	-1	0	-3	-1	-1	-1	-5	0	0	0	-1000	0	-3	-5	0.2
5	0	0	9	0	5	1000	0	1	1	1	3	0	1	1	1	3	0	0	1	3	0	0	0	0	0	0	0	1	0	0	0	0	0	-1	0	-1	0	0	0	-1	0	0	-9	-3	0	0	0	0	-1	-1	0	-3	-1	-1	-1	-5	0	0	0	-1000	0	-3	-5	-0.1
5	0	0	9	0	5	1000	0	1	1	1	3	0	1	1	1	3	0	0	1	3	0	0	0	0	0	0	0	1	0	0	0	0	-1	-1	0	-1	0	0	0	-1	0	0	-9	-3	0	0	0	0	0	-1	0	-3	-1	-1	-1	-5	0	0	0	-1000	0	-3	-5	-0.08
5	0	0	0	0	5	1000	0	1	1	1	3	9	1	1	1	3	0	0	1	3	0	0	0	0	0	0	0	1	0	0	0	0	-1	-1	0	-1	0	0	0	-1	0	0	-9	-3	0	0	0	0	0	-1	0	-3	-1	-1	-1	-5	0	0	0	-1000	0	-3	-5	0.4
5	0	0	0	0	5	1000	0	1	1	1	3	9	1	1	1	3	0	0	1	3	0	0	0	0	0	0	0	1	0	0	0	0	-1	-1	0	-1	0	-1	0	-1	0	0	-9	-3	0	0	0	0	0	-1	0	-3	-1	0	-1	-5	0	0	0	-1000	0	-3	-5	0.83
0	0	0	5	0	5	1000	0	1	1	1	3	9	1	1	1	3	0	0	1	3	0	0	0	0	0	0	0	1	0	0	0	0	-1	-1	0	-1	0	-1	0	-1	0	0	-9	-3	0	0	0	0	0	-1	0	-3	-1	0	-1	-5	0	0	0	-1000	0	-3	-5	0.27
0	0	0	5	0	5	1000	0	1	1	1	3	9	1	1	1	3	0	0	1	3	0	0	0	0	0	0	0	1	0	0	0	0	-1	-1	0	-1	0	-1	-1	-1	0	0	-9	-3	0	0	0	0	0	-1	0	-3	-1	0	0	-5	0	0	0	-1000	0	-3	-5	0.46
0	0	0	5	0	5	1000	0	1	1	0	3	9	1	1	1	3	0	1	1	3	0	0	0	0	0	0	0	1	0	0	0	0	-1	-1	0	-1	0	-1	-1	-1	0	0	-9	-3	0	0	0	0	0	-1	0	-3	-1	0	0	-5	0	0	0	-1000	0	-3	-5	0.19
0	0	0	5	0	5	1000	0	1	1	0	3	9	1	1	1	3	0	1	1	3	0	0	0	0	0	0	0	1	0	0	0	0	-1	-1	0	-1	0	-1	-1	-1	0	0	-9	-3	0	0	0	0	0	-1	0	-3	-1	0	0	0	0	0	-5	-1000	0	-3	-5	0.82
0	0	0	5	0	5	1000	0	1	1	0	0	9	1	1	1	3	3	1	1	3	0	0	0	0	0	0	0	1	0	0	0	0	-1	-1	0	-1	0	-1	-1	-1	0	0	-9	-3	0	0	0	0	0	-1	0	-3	-1	0	0	0	0	0	-5	-1000	0	-3	-5	0.99
0	0	0	5	0	5	1000	0	1	1	0	0	9	1	1	1	3	-3	1	1	3	0	0	0	0	0	0	0	1	0	0	0	0	-1	-1	0	-1	0	-1	-1	-1	0	0	-9	0	0	0	0	0	0	-1	0	-3	-1	0	0	0	0	0	-5	-1000	0	-3	-5	0.85
0	0	0	5	0	5	1000	0	0	1	0	0	9	1	1	1	3	1	1	1	3	0	0	0	0	0	0	0	1	0	0	0	0	-1	-1	0	-1	0	-1	-1	-1	0	0	-9	0	0	0	0	0	0	-1	0	-3	-1	0	0	0	0	0	-5	-1000	0	-3	-5	0.89
0	0	0	5	0	5	1000	0	0	1	0	0	9	1	1	1	3	1	1	1	3	0	0	0	0	0	0	0	1	0	0	0	0	-1	-1	0	-1	0	-1	-1	-1	0	0	-9	0	-3	0	0	0	0	-1	0	0	-1	0	0	0	0	0	-5	-1000	0	-3	-5	1.34
0	0	0	5	0	5	1000	0	0	1	3	0	9	1	1	1	0	1	1	1	3	0	0	0	0	0	0	0	1	0	0	0	0	-1	-1	0	-1	0	-1	-1	-1	0	0	-9	0	-3	0	0	0	0	-1	0	0	-1	0	0	0	0	0	-5	-1000	0	-3	-5	1.47
0	0	0	5	0	5	1000	0	0	1	3	0	9	1	1	1	0	1	1	1	3	0	0	0	0	0	0	0	1	0	0	0	0	-1	-1	0	-1	0	-1	-1	-1	0	0	-9	0	-3	0	0	0	0	-1	0	-3	-1	0	0	0	0	0	-5	-1000	0	0	-5	1.33
0	0	0	5	0	5	1000	0	0	1	3	9	0	1	1	1	0	1	1	1	3	0	0	0	0	0	0	0	1	0	0	0	0	-1	-1	0	-1	0	-1	-1	-1	0	0	-9	0	-3	0	0	0	0	-1	0	-3	-1	0	0	0	0	0	-5	-1000	0	0	-5	1.32
0	0	0	5	0	5	1000	0	0	1	3	9	0	1	1	1	0	1	1	1	3	0	0	0	0	0	0	0	1	0	0	0	0	-1	-1	0	-1	0	-1	-1	-1	0	0	-9	0	-3	0	0	0	0	-1	0	-3	-1	0	0	0	0	0	-5	-1000	0	-5	0	1.19
0	0	0	5	0	5	1000	0	0	1	3	0	9	1	1	1	0	1	1	1	3	0	0	0	0	0	0	0	1	0	0	0	0	-1	-1	0	-1	0	-1	-1	-1	0	0	-9	0	-3	0	0	0	0	-1	0	-3	-1	0	0	0	0	0	-5	-1000	0	-5	0	1.26
0	0	0	5	0	5	1000	0	0	1	3	0	9	1	1	1	0	1	1	1	3	0	0	0	0	0	0	0	1	0	0	0	0	-1	-1	0	-1	0	-1	-1	-1	0	0	-9	0	-3	0	0	0	0	-1	0	-3	-1	0	0	0	0	0	-5	-1000	0	0	-5	1.77
0	0	0	5	0	5	1000	0	0	1	3	0	9	0	1	1	0	1	1	1	3	1	0	0	0	0	0	0	1	0	0	0	0	-1	-1	0	-1	0	-1	-1	-1	0	0	-9	0	-3	0	0	0	0	-1	0	-3	-1	0	0	0	0	0	-5	-1000	0	0	-5	1.7
0	0	0	5	0	5	1000	0	0	1	3	0	9	0	1	1	0	1	1	1	3	1	0	0	0	0	0	0	1	0	0	0	0	-1	-1	0	-1	0	-1	-1	-1	0	0	-9	0	-3	-3	0	0	0	-1	0	0	-1	0	0	0	0	0	-5	-1000	0	0	-5	1.55
0	0	0	5	0	5	1000	0	0	1	3	0	9	0	1	1	0	1	1	0	3	1	0	0	0	0	0	1	1	0	0	0	0	-1	-1	0	-1	0	-1	-1	-1	0	0	-9	0	-3	-3	0	0	0	-1	0	0	-1	0	0	0	0	0	-5	-1000	0	0	-5	0.75
0	0	0	5	0	5	1000	0	0	1	3	0	9	0	1	1	0	1	1	0	3	1	0	0	0	0	0	-1	1	0	0	0	0	-1	0	0	-1	0	-1	-1	-1	0	0	-9	0	-3	-3	0	0	0	-1	0	0	-1	0	0	0	0	0	-5	-1000	0	0	-5	0.55
0	0	0	5	0	5	1000	0	0	1	3	0	9	0	1	1	0	1	0	0	3	1	0	0	0	0	0	1	1	0	0	0	0	-1	0	0	-1	0	-1	-1	-1	0	0	-9	0	-3	-3	0	0	0	-1	0	0	-1	0	0	0	0	0	-5	-1000	0	0	-5	0.64
0	0	0	5	0	5	1000	0	0	1	3	0	9	0	1	1	0	1	0	0	3	1	0	0	0	0	0	-1	1	0	0	0	0	-1	0	0	0	0	-1	-1	-1	0	0	-9	0	-3	-3	0	0	0	-1	0	0	-1	0	0	0	0	0	-5	-1000	0	0	-5	1.9
0	0	0	5	0	5	1000	0	0	1	0	0	9	0	1	1	0	1	0	0	3	1	0	0	0	0	0	3	1	0	0	0	0	-1	0	0	0	0	-1	-1	-1	0	0	-9	0	-3	-3	0	0	0	-1	0	0	-1	0	0	0	0	0	-5	-1000	0	0	-5	1.78
0	0	0	5	0	5	1000	0	0	1	0	0	9	0	1	1	0	1	0	0	3	1	0	0	0	0	0	3	1	-3	0	0	0	-1	0	0	0	0	-1	-1	-1	0	0	-9	0	-3	0	0	0	0	-1	0	0	-1	0	0	0	0	0	-5	-1000	0	0	-5	3.27
0	0	0	5	0	5	1000	0	0	1	9	0	0	0	1	1	0	1	0	0	3	1	0	0	0	0	0	3	1	-3	0	0	0	-1	0	0	0	0	-1	-1	-1	0	0	-9	0	-3	0	0	0	0	-1	0	0	-1	0	0	0	0	0	-5	-1000	0	0	-5	3.32
0	0	0	5	0	5	1000	0	0	1	9	0	0	0	1	1	0	1	0	0	3	1	0	0	0	0	0	-3	1	-3	0	0	0	-1	0	0	0	0	-1	-1	-1	0	0	-9	0	0	0	0	0	0	-1	0	0	-1	0	0	0	0	0	-5	-1000	0	0	-5	3.43
0	0	0	0	0	5	1000	0	0	1	9	0	0	0	1	1	0	1	0	0	3	1	0	0	0	0	0	5	1	-3	0	0	0	-1	0	0	0	0	-1	-1	-1	0	0	-9	0	0	0	0	0	0	-1	0	0	-1	0	0	0	0	0	-5	-1000	0	0	-5	3.88
0	0	0	0	0	5	1000	0	0	1	9	0	0	0	1	1	0	1	0	0	3	1	0	0	0	0	0	5	1	-3	0	0	0	-1	0	0	0	0	-1	-1	-1	0	0	0	0	0	-9	0	0	0	-1	0	0	-1	0	0	0	0	0	-5	-1000	0	0	-5	3.95
0	0	0	0	0	5	1000	0	0	1	9	0	0	0	1	1	0	1	0	0	0	1	0	0	0	0	0	5	1	3	0	0	0	-1	0	0	0	0	-1	-1	-1	0	0	0	0	0	-9	0	0	0	-1	0	0	-1	0	0	0	0	0	-5	-1000	0	0	-5	4.35
0	0	0	0	0	5	1000	0	0	1	9	0	0	0	1	1	0	1	0	0	0	1	0	0	0	0	0	5	1	-1	0	0	0	-1	0	0	0	0	0	-1	-1	0	0	0	0	0	-9	0	0	0	-1	0	0	-1	0	0	0	0	0	-5	-1000	0	0	-5	10.83
0	0	0	0	0	5	1000	0	0	1	0	0	0	0	1	1	0	1	0	0	0	1	0	0	0	0	0	5	1	-1	0	0	0	-1	0	0	0	0	0	-1	-1	0	0	0	0	0	-9	0	0	0	9	0	0	-1	0	0	0	0	0	-5	-1000	0	0	-5	11.16
5	3	3	9	1000	3	3	5	0	0	0	0	0	0	0	0	0	0	0	0	0	0	0	0	0	0	0	0	0	0	0	0	0	0	0	0	0	0	0	0	0	0	0	0	0	0	0	0	-1	-1	-1	-1	-1	-1	-1	-1	-5	-3	-3	-9	-1000	-3	-3	-5	
5	0	3	0	0	5	0	1000	1	1	-3	0	0	0	1	1	0	3	1	0	0	3	0	0	0	0	0	0	0	1	0	0	0	0	0	0	0	0	0	0	0	-3	-1	0	0	0	0	-3	-1	-1	0	0	0	-1	-1	-1	-5	0	0	0	-5	0	-1000	0	-2.07
5	0	3	0	0	5	0	1000	1	1	-3	0	0	0	1	1	0	3	1	0	0	3	0	0	0	0	0	0	0	1	0	0	0	0	0	0	0	0	0	0	0	-3	-1	0	0	0	0	-3	-1	-1	0	0	0	-1	-1	-1	0	0	0	-5	-5	0	-1000	0	-2.07
5	0	3	0	0	5	0	1000	1	1	-3	3	0	0	1	1	0	0	1	0	0	3	0	0	0	0	0	0	0	1	0	0	0	0	0	0	0	0	0	0	0	-3	-1	0	0	0	0	-3	-1	-1	0	0	0	-1	-1	-1	0	0	0	-5	-5	0	-1000	0	-3.22
5	0	3	0	0	5	0	1000	1	1	-3	3	0	0	1	1	0	0	1	0	0	3	0	0	0	0	0	0	0	1	0	0	0	0	0	0	0	-3	0	0	0	-3	-1	0	0	0	0	0	-1	-1	0	0	0	-1	-1	-1	0	0	0	-5	-5	0	-1000	0	-3.18
5	0	3	0	0	5	0	1000	1	1	-3	0	0	0	1	1	0	3	1	0	0	3	0	0	0	0	0	0	0	1	0	0	0	0	0	0	0	-3	0	0	0	-3	-1	0	0	0	0	0	-1	-1	0	0	0	-1	-1	-1	0	0	0	-5	-5	0	-1000	0	-3.21
5	0	3	0	0	5	0	1000	1	1	-3	0	0	0	0	1	0	3	1	0	0	3	1	0	0	0	0	0	0	1	0	0	0	0	0	0	0	-3	0	0	0	-3	-1	-5	0	0	0	0	-1	-1	0	0	0	-1	-1	-1	0	0	0	0	-5	0	-1000	0	-2.89
5	0	3	0	0	5	0	1000	1	1	0	0	0	0	0	1	0	3	1	-3	0	3	1	0	0	0	0	0	0	1	0	0	0	0	0	0	0	-3	0	0	0	-3	-1	-5	0	0	0	0	-1	-1	0	0	0	-1	-1	-1	0	0	0	0	-5	0	-1000	0	-3.63
5	0	0	0	0	5	0	1000	1	1	0	3	0	0	0	1	0	3	1	-3	0	3	1	0	0	0	0	0	0	1	0	0	0	0	0	0	0	-3	0	0	0	-3	-1	-5	0	0	0	0	-1	-1	0	0	0	-1	-1	-1	0	0	0	0	-5	0	-1000	0	-3.33
5	0	0	0	0	-3	0	1000	1	1	0	3	0	0	0	1	0	3	1	0	0	3	1	0	0	0	0	0	0	1	0	0	0	0	0	0	0	-3	0	0	0	-3	-1	-5	0	0	0	0	-1	-1	0	0	0	-1	-1	-1	0	0	0	0	-5	0	-1000	0	-3.29
0	0	0	0	0	5	0	1000	1	1	0	3	0	0	0	1	0	3	1	0	0	3	1	0	0	0	0	0	0	1	0	0	0	0	0	0	0	-3	0	0	0	-3	-1	-5	0	0	0	0	-1	-1	0	0	0	-1	-1	-1	0	0	0	0	-5	0	-1000	0	-3.29
0	0	0	0	0	5	0	0	1	1	0	3	0	0	1000	1	0	3	1	0	0	3	1	0	0	0	0	0	0	1	0	0	0	0	0	0	0	-3	0	0	0	-3	-1	-5	0	0	-1	0	-1	-1	0	0	0	-1	0	-1	0	0	0	0	-5	0	-1000	0	-3.29
0	0	0	0	0	5	0	0	1	1	0	3	0	0	1000	1	0	3	1	-5	0	3	1	0	0	0	0	0	0	1	0	0	0	0	0	0	0	-3	0	0	0	-3	-1	0	0	0	-1	0	-1	-1	0	0	0	-1	0	-1	0	0	0	-5	-5	0	-1000	0	-3.18
0	0	0	0	0	5	0	0	1	1	0	3	0	0	0	1	0	3	1	-5	0	3	1	1000	0	0	0	0	0	1	0	0	0	0	0	0	0	-3	0	0	0	-3	-1	0	0	0	-1	0	-1	-1	0	0	0	-1	0	-1	0	0	0	-5	-5	0	-1000	0	-3.41
0	0	0	0	0	5	0	0	1	1	0	3	0	0	0	1	0	3	1	-5	0	3	1	1000	0	0	0	0	0	1	0	0	-1	0	0	0	0	-3	0	0	0	-3	-1	0	0	0	-1	0	0	-1	0	0	0	-1	0	-1	0	0	0	-5	-5	0	-1000	0	-3.28
0	0	0	0	0	5	0	0	0	1	0	3	0	0	0	1	0	3	1	-5	0	3	1	1000	1	0	0	0	0	1	0	0	-1	0	0	0	0	-3	0	0	0	-3	-1	0	0	0	-1	0	0	-1	0	0	0	-1	0	-1	0	0	0	-5	-5	0	-1000	0	-3.46
0	0	0	0	0	5	0	0	0	1	0	3	0	0	0	1	0	3	1	-5	0	3	1	1000	1	0	0	0	0	1	0	0	-1	0	0	0	0	-3	0	-1	0	-3	-1	0	0	0	-1	0	0	-1	0	0	0	-1	0	0	0	0	0	-5	-5	0	-1000	0	-3.27
0	0	0	0	0	5	0	0	0	1	0	3	0	0	0	1	0	3	1	-5	0	3	0	1000	1	0	0	0	0	1	1	0	-1	0	0	0	0	-3	0	-1	0	-3	-1	0	0	0	-1	0	0	-1	0	0	0	-1	0	0	0	0	0	-5	-5	0	-1000	0	-3.38
0	0	0	0	0	5	0	0	0	1	0	3	0	0	0	1	0	3	1	-5	0	3	0	1000	1	0	0	0	0	1	-1	0	-1	0	0	0	0	-3	0	0	0	-3	-1	0	0	0	-1	0	0	-1	0	0	0	-1	0	0	0	0	0	-5	-5	0	-1000	0	-3.56
0	0	0	0	0	5	0	0	0	1	0	3	0	0	0	1	0	3	1	-5	0	3	0	0	1	0	0	0	0	1	1000	0	-1	0	0	0	0	-3	0	0	0	-3	-1	0	0	0	-1	0	0	-1	0	0	0	-1	0	0	0	0	0	-5	-5	0	-1000	0	-7.8
0	0	0	0	0	5	0	0	0	1	0	3	-5	0	0	1	0	3	1	-5	0	3	0	0	1	0	0	0	0	1	1000	0	-1	0	0	0	0	-3	0	0	0	-3	-1	0	0	0	-1	0	0	-1	0	0	0	-1	0	0	0	0	0	-5	0	0	-1000	0	-7.32
0	0	0	0	0	5	0	0	0	1	0	3	-5	0	0	1	0	3	1	-5	0	3	0	1000	1	0	0	0	0	1	0	0	-1	0	0	0	0	-3	0	0	0	-3	-1	0	0	0	-1	0	0	-1	0	0	0	-1	0	0	0	0	0	-5	0	0	-1000	0	-8.36
0	0	0	0	0	5	0	0	0	1	0	-5	0	0	0	1	0	3	1	-5	0	3	0	1000	1	0	0	0	0	1	0	0	-1	0	0	0	0	-3	0	0	0	-3	-1	0	0	0	-1	0	0	-1	0	0	0	-1	0	0	0	0	0	-5	0	0	-1000	0	-8.72
0	0	0	0	0	5	0	0	0	1	0	3	0	0	0	1	0	0	1	-5	0	3	0	1000	1	0	0	0	0	1	0	0	-1	0	0	0	0	-3	0	0	0	-3	-1	0	0	0	-1	0	0	-1	0	0	0	-1	0	0	0	0	0	-5	0	0	-1000	0	-8.75
0	0	0	0	0	5	0	0	0	1	0	-5	0	0	0	1	0	0	1	0	0	3	0	1000	1	0	0	0	0	1	0	0	-1	0	0	0	0	-3	0	0	0	-3	-1	0	0	0	-1	0	0	-1	0	0	0	-1	0	0	0	0	0	-5	0	0	-1000	0	-9.04
0	0	0	0	0	5	1000	0	1	1	1	0	3	0	1	0	0	0	0	3	0	0	9	1	0	0	0	0	0	1	0	0	0	0	0	-1	5	-3	0	0	0	0	-1	0	0	-9	-1	-3	-1	0	0	0	0	-1	0	-1	-5	0	0	0	0	-5	-1000	0	0.39
0	0	0	0	0	5	1000	0	1	1	1	0	3	0	1	0	0	0	0	3	0	0	9	1	0	0	0	0	0	1	0	0	0	0	0	-1	5	-3	0	0	0	0	-1	0	0	-9	-1	-3	-1	0	0	0	0	-1	0	-1	-5	0	0	0	-5	0	-1000	0	0.12
0	0	0	0	0	5	1000	0	1	1	1	0	3	0	1	0	0	0	0	3	9	0	0	1	0	0	0	0	0	1	0	0	0	0	0	-1	5	-3	0	0	0	0	-1	0	0	-9	-1	-3	-1	0	0	0	0	-1	0	-1	-5	0	0	0	-5	0	-1000	0	0.54
0	0	0	0	0	5	1000	0	1	1	1	0	3	0	1	0	0	0	0	3	9	0	0	1	0	0	0	0	0	1	0	0	0	0	0	-1	-5	-3	0	0	0	0	-1	0	0	-9	-1	-3	-1	0	0	0	0	-1	0	-1	-5	0	0	0	0	0	-1000	0	0.57
0	0	0	0	0	5	1000	0	1	1	1	0	3	0	1	0	0	0	0	3	9	0	0	1	0	0	0	0	0	0	0	0	0	0	0	-1	1	-3	0	0	0	0	-1	0	0	-9	-1	-3	-1	0	0	0	0	-1	0	-1	-5	0	0	0	0	0	-1000	0	0.96
0	0	0	0	0	5	1000	0	1	1	1	0	3	0	1	0	0	0	0	3	9	0	0	1	0	0	0	0	0	0	0	-9	0	0	0	-1	1	-3	0	0	0	0	-1	0	0	0	-1	-3	-1	0	0	0	0	-1	0	-1	-5	0	0	0	0	0	-1000	0	1.12
0	0	0	0	0	5	1000	0	1	1	1	0	0	0	1	0	0	0	0	3	9	0	0	1	0	0	0	3	0	0	0	-9	0	0	0	-1	1	-3	0	0	0	0	-1	0	0	0	-1	-3	-1	0	0	0	0	-1	0	-1	-5	0	0	0	0	0	-1000	0	1.73
0	0	0	0	0	5	1000	0	1	1	1	0	0	0	1	0	0	0	0	-3	9	0	0	1	0	0	0	3	0	0	0	-9	0	0	0	-1	1	0	0	0	0	0	-1	0	0	0	-1	-3	-1	0	0	0	0	-1	0	-1	-5	0	0	0	0	0	-1000	0	1.85
0	0	0	0	0	0	1000	0	1	1	1	0	0	0	1	0	0	0	0	-3	9	0	0	1	0	0	0	3	0	5	0	-9	0	0	0	-1	1	0	0	0	0	0	-1	0	0	0	-1	-3	-1	0	0	0	0	-1	0	-1	-5	0	0	0	0	0	-1000	0	1.85
0	0	0	0	0	0	1000	0	1	1	1	0	0	0	1	0	0	0	0	-3	9	0	0	1	0	0	0	3	0	5	0	0	0	0	0	-1	1	0	0	0	0	0	-1	0	0	0	-1	-3	-1	0	0	0	-9	-1	0	-1	-5	0	0	0	0	0	-1000	0	0.63
0	0	0	0	0	0	1000	0	1	1	0	0	0	0	1	0	0	0	0	1	9	0	0	1	0	0	0	3	0	5	0	0	0	0	0	-1	1	0	0	0	0	0	-1	0	0	0	-1	-3	-1	0	0	0	-9	-1	0	-1	-5	0	0	0	0	0	-1000	0	1.59
0	0	0	0	0	0	1000	0	1	1	0	0	0	0	1	0	0	0	0	1	9	0	0	1	0	0	0	3	0	5	0	0	0	0	0	-1	1	0	0	0	0	0	-1	0	0	0	-1	-3	-1	0	0	0	-9	-1	0	-1	0	0	-5	0	0	0	-1000	0	1.52
0	0	0	0	0	0	1000	0	1	1	0	0	0	0	1	0	0	0	0	1	9	0	0	1	0	0	0	3	0	0	0	0	0	0	0	-1	1	0	0	0	0	0	-1	0	0	5	-1	-3	-1	0	0	0	-9	-1	0	-1	0	0	-5	0	0	0	-1000	0	2.12
0	0	0	0	0	0	1000	0	1	1	0	0	0	0	1	0	0	0	0	1	9	0	0	1	0	0	0	3	0	0	0	0	0	0	-1	-1	1	0	0	0	0	0	0	0	0	5	-1	-3	-1	0	0	0	-9	-1	0	-1	0	0	-5	0	0	0	-1000	0	2.05
0	0	0	0	0	0	1000	0	1	1	0	0	0	0	1	0	0	0	0	1	9	0	0	1	0	0	0	0	0	0	0	0	0	0	-1	-1	1	0	0	0	0	0	3	0	0	5	-1	-3	-1	0	0	0	-9	-1	0	-1	0	0	-5	0	0	0	-1000	0	2.44
0	0	0	0	0	0	1000	0	1	1	0	0	0	0	1	0	0	0	0	1	9	0	0	1	0	0	0	0	0	0	0	0	0	0	-1	-1	1	0	0	0	0	0	3	0	0	5	-1	-3	-1	0	0	0	0	-1	0	-1	0	0	-5	0	-9	0	-1000	0	2.45
0	0	0	0	0	0	1000	0	1	1	0	0	0	0	1	0	0	0	0	1	9	0	0	1	0	0	0	0	0	0	0	0	0	0	-1	-1	0	0	0	0	0	0	3	0	1	5	-1	-3	-1	0	0	0	0	-1	0	-1	0	0	-5	0	-9	0	-1000	0	3.36
0	0	0	0	0	0	1000	0	1	1	0	0	0	0	1	0	0	0	0	1	9	0	0	1	0	0	0	0	0	0	0	0	0	0	-1	-1	0	-3	0	0	0	0	3	0	1	5	-1	0	-1	0	0	0	0	-1	0	-1	0	0	-5	0	-9	0	-1000	0	3.7
0	0	0	0	0	0	1000	0	1	1	0	0	0	0	1	0	0	0	0	1	9	0	0	1	0	0	0	0	0	0	0	0	0	0	-1	-1	0	-3	0	0	0	0	3	0	0	5	-1	0	-1	0	0	0	0	1	0	-1	0	0	-5	0	-9	0	-1000	0	5.73
0	0	0	0	0	0	1000	0	1	1	0	0	0	0	1	0	0	0	0	1	9	0	0	1	0	0	0	0	0	0	0	0	0	0	-1	-1	0	-3	0	0	0	0	3	0	0	5	-1	0	-1	0	0	0	0	-9	0	-1	0	0	-5	0	0	0	-1000	0	5.88
0	0	0	0	0	0	1000	0	1	1	0	0	0	0	1	0	0	0	0	1	9	0	0	1	0	0	0	0	0	0	0	0	0	0	-1	-1	0	5	0	0	0	0	3	0	0	0	-1	0	-1	0	0	0	0	-9	0	-1	0	0	-5	0	0	0	-1000	0	6.78
